%YAML:1.0
K1: !!opencv-matrix
   rows: 3
   cols: 3
   dt: d
   data: [ 1.0467494109090946e+03, 0., 9.2566545881793354e+02, 0.,
       1.0466105769307226e+03, 5.7255232979986010e+02, 0., 0., 1. ]
K2: !!opencv-matrix
   rows: 3
   cols: 3
   dt: d
   data: [ 1.0449845302035064e+03, 0., 9.3759959998861666e+02, 0.,
       1.0447816069808098e+03, 5.3016722424625891e+02, 0., 0., 1. ]
D1: !!opencv-matrix
   rows: 1
   cols: 5
   dt: d
   data: [ -1.6586971278585022e-01, 1.3499144065859486e-02,
       3.7282295048267740e-04, 3.0166538282400482e-04,
       7.4194124906312980e-03 ]
D2: !!opencv-matrix
   rows: 1
   cols: 5
   dt: d
   data: [ -1.6454057955922421e-01, 1.2462791250159724e-02,
       1.4320735973345709e-04, 3.4389992690582341e-04,
       7.3681927158690975e-03 ]
R: !!opencv-matrix
   rows: 3
   cols: 3
   dt: d
   data: [ 9.9993428379056126e-01, -6.9626571118044207e-04,
       1.1443046548740768e-02, 6.9423722502647987e-04,
       9.9999974259346547e-01, 1.8123928454402282e-04,
       -1.1443169793925160e-02, -1.7328318530339252e-04,
       9.9993450977451770e-01 ]
T: [ -1.1967439974208612e-01, -9.8799717905662023e-04,
    3.5841881823479757e-04 ]
E: !!opencv-matrix
   rows: 3
   cols: 3
   dt: d
   data: [ 1.1056991790095387e-05, -3.5824752267719397e-04,
       -9.8799743446877195e-04, -1.0110592119260931e-03,
       -2.0987115919958885e-05, 1.1967066364188356e-01,
       9.0484982844342096e-04, -1.1967505684567213e-01,
       -1.0384004877521604e-05 ]
F: !!opencv-matrix
   rows: 3
   cols: 3
   dt: d
   data: [ 2.4113953464013850e-09, -7.8139788791293106e-08,
       -1.8303634953070448e-04, -2.2054253624754615e-07,
       -4.5785308131290381e-09, 2.7530890989597965e-02,
       3.2087733690948556e-04, -2.7201681677993760e-02, 1. ]
RV: [ -1.7726511893269989e-04, 1.1443358903733963e-02,
    6.9526670190771115e-04 ]
R1: !!opencv-matrix
   rows: 3
   cols: 3
   dt: d
   data: [ 9.9993572691431254e-01, 7.5596699557220880e-03,
       8.4494633264882105e-03, -7.5602236800172634e-03,
       9.9997142053626109e-01, 3.3594643018642175e-05,
       -8.4489678809439566e-03, -9.7472316511630549e-05,
       9.9996430208327658e-01 ]
R2: !!opencv-matrix
   rows: 3
   cols: 3
   dt: d
   data: [ 9.9996143899183643e-01, 8.2553919887584596e-03,
       -2.9948343005346094e-03, -8.2555882379893638e-03,
       9.9996592063704404e-01, -5.3172866814366241e-05,
       2.9942932756307711e-03, 7.7894935241231434e-05,
       9.9999551406001752e-01 ]
P1: !!opencv-matrix
   rows: 3
   cols: 4
   dt: d
   data: [ 8.5371714931093288e+02, 0., 9.2112911224365234e+02, 0., 0.,
       8.5371714931093288e+02, 5.5361929321289062e+02, 0., 0., 0., 1.,
       0. ]
P2: !!opencv-matrix
   rows: 3
   cols: 4
   dt: d
   data: [ 8.5371714931093288e+02, 0., 9.2112911224365234e+02,
       -1.0217202724968766e+02, 0., 8.5371714931093288e+02,
       5.5361929321289062e+02, 0., 0., 0., 1., 0. ]
Q: !!opencv-matrix
   rows: 4
   cols: 4
   dt: d
   data: [ 1., 0., 0., -9.2112911224365234e+02, 0., 1., 0.,
       -5.5361929321289062e+02, 0., 0., 0., 8.5371714931093288e+02, 0.,
       0., 8.3556837648392914e+00, 0. ]
ROI1: [ 41, 60, 1879, 925 ]
ROI2: [ 2, 100, 1886, 926 ]
